107.0
140.0
90.0
114.0
131.0
46.0
180.0
124.0
96.0
129.0
54.0
135.0
175.0
58.0
54.0
143.0
42.0
201.0
35.0
184.0
229.0
191.0
129.0
87.0
121.0
15.0
13.0
40.0
160.0
161.0
130.0
70.0
168.0
86.0
113.0
98.0
111.0
46.0
13.0
152.0
112.0
151.0
159.0
77.0
183.0
78.0
162.0
133.0
38.0
107.0
107.0
143.0
33.0
20.0
110.0
141.0
25.0
145.0
48.0
42.0
193.0
148.0
134.0
112.0
50.0
101.0
113.0
152.0
145.0
97.0
92.0
178.0
69.0
168.0
25.0
158.0
183.0
90.0
170.0
129.0
170.0
18.0
43.0
35.0
13.0
79.0
150.0
48.0
303.0
126.0
10.0
140.0
187.0
143.0
230.0
164.0
120.0
100.0
134.0
112.0
207.0
33.0
110.0
193.0
235.0
69.0
129.0
14.0
51.0
68.0
157.0
106.0
151.0
144.0
141.0
148.0
65.0
190.0
153.0
43.0
23.0
166.0
100.0
37.0
141.0
127.0
10.0
143.0
126.0
44.0
119.0
11.0
113.0
116.0
183.0
167.0
205.0
212.5
191.0
141.0
100.0
64.0
113.0
124.0
150.0
155.0
33.0
20.0
14.0
9.0
150.0
104.0
43.0
115.0
84.0
171.0
192.0
125.0
111.0
191.0
112.0
25.0
198.0
122.0
111.0
166.0
20.0
158.0
12.0
164.0
123.0
85.0
157.0
178.0
127.0
74.0
170.0
117.0
87.0
115.0
122.0
21.0
117.0
126.0
26.0
159.0
196.0
142.0
23.0
165.0
58.0
91.0
240.0
122.0
165.0
92.0
221.0
78.0
115.0
93.0
206.0
215.0
161.0
121.0
13.0
103.0
252.0
28.0
105.0
171.0
69.0
128.0
205.0
43.0
85.0
135.0
119.0
140.0
23.0
80.0
34.0
150.0
123.0
108.0
161.0
145.0
101.0
96.0
119.0
179.0
113.0
126.0
22.0
153.0
161.0
200.0
155.0
156.0
171.0
168.0
14.0
100.0
97.0
22.0
18.0
148.0
180.0
97.0
113.0
20.0
64.0
27.0
101.0
103.0
100.0
187.0
149.0
110.0
94.0
180.0
182.0
95.0
158.0
167.0
105.0
90.0
185.0
138.0
85.0
68.0
65.0
110.0
81.0
116.0
183.0
38.0
206.0
155.0
110.0
164.0
9.0
125.0
138.0
129.0
20.0
77.0
166.0
67.0
145.0
108.0
216.0
157.0
69.0
155.0
39.0
123.0
52.0
96.0
223.0
183.0
55.0
182.0
72.0
180.0
196.0
210.0
197.0
102.0
14.0
217.5
191.0
247.0
73.0
14.0
133.0
113.0
205.0
22.0
96.0
98.0
203.0
12.0
223.0
35.0
117.0
156.0
196.0
94.0
40.0
146.0
30.0
26.0
33.0
104.0
169.0
129.0
75.0
104.0
145.0
17.0
31.0
142.0
173.0
99.0
23.0
77.0
166.0
105.0
171.0
107.0
146.0
157.0
34.0
59.0
145.0
85.0
116.0
141.0
170.0
70.0
89.0
83.0
90.0
151.0
60.0
157.0
30.0
76.0
101.0
75.0
106.0
164.0
127.0
124.0
173.0
134.0
115.0
105.0
136.0
148.0
140.0
182.0
69.0
105.0
231.0
130.0
169.0
130.0
165.0
58.0
155.0
143.0
20.0
172.0
27.0
133.0
103.0
103.0
223.0
186.0
100.0
60.0
107.0
166.0
82.0
101.0
185.0
121.0
105.0
155.0
82.0
122.0
157.0
138.0
94.0
124.0
140.0
65.0
8.0
166.0
188.0
190.0
93.0
129.0
210.0
168.0
47.0
215.0
135.0
24.0
41.0
25.0
179.0
124.0
129.0
15.0
148.0
70.0
97.0
122.0
97.0
119.0
169.0
13.0
142.0
120.0
259.0
190.0
38.0
88.0
79.0
46.0
53.0
52.0
143.0
14.0
48.0
36.0
86.0
85.0
166.0
98.0
216.0
86.0
173.0
175.0
162.0
101.0
168.0
209.0
127.0
72.0
16.0
191.0
128.0
143.0
41.0
128.0
111.0
84.0
224.0
124.0
203.0
40.0
15.0
114.0
125.0
49.0
135.0
142.0
6.0
67.0
169.0
79.0
23.0
59.0
92.0
124.0
89.0
152.0
129.5
168.0
90.0
60.0
155.0
136.0
118.0
139.0
132.0
172.0
168.0
75.0
27.0
78.0
149.0
130.0
163.0
26.0
18.0
92.0
120.0
103.0
110.0
23.0
10.0
195.0
166.0
214.0
137.0
229.0
73.0
212.5
27.0
98.0
151.0
105.0
128.0
45.0
109.0
216.0
156.0
78.0
195.0
152.0
115.0
50.0
94.0
213.0
46.0
109.0
93.0
130.0
13.0
128.0
234.5
95.0
104.0
13.0
209.0
113.0
90.0
22.0
164.0
90.0
111.0
162.0
21.0
49.0
111.0
42.0
61.0
118.0
102.0
174.0
11.0
180.0
99.0
10.0
344.0
147.0
100.0
213.0
108.0
102.0
168.0
98.0
98.0
81.0
133.0
152.0
151.0
123.0
169.0
83.0
128.0
95.0
67.0
34.0
138.0
180.0
183.0
85.0
80.0
114.0
84.0
129.0
206.0
33.0
13.0
81.0
198.0
126.0
172.0
122.0
153.0
53.0
221.0
112.0
196.0
126.0
181.0
49.0
125.0
10.0
166.0
140.0
111.0
154.0
105.0
150.0
144.0
119.0
102.0
116.0
153.0
153.0
161.0
122.0
133.0
128.0
160.0
156.0
149.0
158.0
126.0
216.0
159.0
72.0
132.0
238.0
211.0
135.0
106.0
15.0
113.0
109.0
31.0
96.0
60.0
122.0
181.0
92.0
18.0
106.0
165.0
157.0
163.0
137.0
154.0
143.0
132.0
199.0
12.0
65.0
164.0
153.0
176.0
92.0
35.0
135.0
220.0
234.0
185.0
155.0
125.0
141.0
21.0
125.0
140.0
95.0
100.0
137.0
122.0
106.0
90.0
99.0
136.0
218.0
89.0
132.0
23.0
174.0
42.0
133.0
63.0
19.0
14.0
173.0
126.0
153.0
76.0
112.0
119.0
170.0
160.0
113.0
199.0
128.0
168.0
56.0
170.0
124.0
118.0
161.0
31.0
86.0
71.0
128.0
142.0
148.0
130.0
86.0
154.0
47.0
21.0
75.0
125.0
111.0
56.0
111.0
124.0
195.0
176.0
142.0
202.0
159.0
119.0
32.0
181.0
18.0
149.0
111.0
185.0
32.0
113.0
144.0
36.0
183.0
100.0
158.0
197.0
109.0
92.0
127.0
116.0
100.0
10.0
215.0
166.0
121.0
33.0
227.0
94.0
82.0
134.0
84.0
21.0
145.0
96.0
95.0
44.0
92.0
27.0
210.0
23.0
97.0
126.0
120.0
202.0
113.0
122.0
103.0
72.0
107.0
161.0
19.0
188.0
93.0
111.0
21.0
92.0
149.0
122.0
145.0
19.0
74.0
183.0
171.0
133.0
97.0
189.5
109.0
60.0
72.0
39.0
158.0
170.0
55.0
313.0
97.0
219.0
94.0
89.0
96.0
147.0
128.0
107.0
148.0
228.0
211.0
143.0
97.0
136.0
118.0
125.0
136.0
180.0
124.0
82.0
163.0
174.0
111.0
169.0
145.0
118.0
166.0
163.0
218.0
13.0
182.0
143.0
121.0
103.0
44.0
118.0
176.0
88.0
188.0
86.0
203.0
33.0
206.0
142.0
150.0
81.0
144.0
100.0
45.0
141.0
59.0
34.0
107.0
209.0
61.0
89.0
14.0
130.0
110.0
60.0
87.0
80.0
24.0
22.0
65.0
41.0
185.0
120.0
148.0
192.0
124.0
99.0
155.0
95.0
10.0
103.0
116.0
183.0
67.0
132.0
162.0
90.0
229.0
33.0
194.0
75.0
132.0
126.0
165.0
12.0
48.0
8.0
116.0
117.0
196.0
42.0
210.0
31.0
74.0
136.0
187.0
148.0
212.0
39.0
47.0
133.0
99.0
69.0
215.0
132.0
91.0
61.0
68.0
123.0
162.0
153.0
122.0
161.0
173.0
60.0
94.0
101.0
48.0
158.0
155.0
202.0
152.0
161.0
24.0
23.0
100.0
83.0
99.0
27.0
38.0
21.0
137.0
132.0
181.0
187.0
117.0
31.0
134.0
98.0
200.0
101.0
160.0
120.0
23.0
114.0
77.0
124.0
142.0
132.0
149.0
162.0
11.0
88.0
109.0
151.0
23.0
227.0
150.0
117.0
87.0
20.0
35.0
20.0
191.0
166.0
25.0
96.0
132.0
152.0
135.0
89.0
191.0
142.0
115.0
170.0
83.0
