62
62
56
56
62
60
59
58
59
54
51
57
58
60
56
58
54
53
57
57
56
57
58
54
53
58
58
57
57
58
54
55
53
53
59
59
59
54
53
55
59
57
56
58
53
51
57
56
56
55
56
51
50
56
54
54
55
55
48
48
55
54
56
56
56
52
52
57
56
56
57
57
52
52
52
58
56
57
57
52
52
57
57
57
58
57
53
52
57
57
57
57
56
51
52
57
56
56
56
56
51
51
56
57
56
56
55
51
52
56
56
56
55
55
51
51
56
55
55
55
54
50
49
55
55
55
55
55
50
49
55
54
55
55
55
49
50
57
56
56
56
55
50
50
54
53
53
53
52
49
48
53
52
53
55
54
49
47
53
51
51
52
54
51
47
52
51
52
52
52
49
47
52
52
48
43
46
44
42
45
45
45
44
45
43
41
44
43
43
43
43
41
40
43
43
44
43
45
44
43
44
44
44
46
46
45
40
43
45
44
45
45
44
44
44
44
45
54
51
51
49
51
53
52
52
52
51
48
51
51
52
52
53
54
52
55
56
56
57
58
57
57
58
59
60
62
63
62
61
63
63
62
62
65
64
62
82
79
70
70
68
62
59
59
58
59
59
61
61
58
60
61
62
62
63
65
64
61
59
58
57
57
56
56
55
55
55
57
59
58
55
56
55
55
55
57
55
53
55
56
55
56
58
58
56
57
57
55
56
59
62
60
60
60
58
58
60
59
56
56
58
56
56
59
60
59
59
60
62
62
62
61
60
59
60
60
61
65
66
63
63
67
67
64
65
67
70
73
75
77
73
63
61
61
62
63
66
68
64
64
64
65
65
65
66
64
62
61
60
61
61
64
61
58
59
60
61
63
65
61
59
58
60
61
62
65
68
69
62
59
59
57
58
59
60
56
57
58
58
56
61
64
64
63
58
57
56
59
62
61
59
59
55
54
56
57
54
54
54
55
56
57
60
55
55
55
57
58
58
60
57
55
55
56
57
58
60
58
56
47
35
32
32
33
36
35
35
35
32
32
36
35
35
35
35
33
33
35
34
33
36
36
36
36
37
36
37
38
38
39
39
39
39
39
40
40
40
41
41
40
40
41
41
41
42
42
42
42
42
42
41
40
32
32
34
33
33
33
33
30